
Final Info--->  
MSE: 502.69878904432767, Q1: 41.0978946685791, Q2: 224.34363555908203, Q3: 722.3319396972656 
MAE: 6.261046287236, Q1: 1.929264865521518, Q2: 5.218986478592851, Q3: 8.381343775017267 
DELTA_E: 8.679582011132013, Q1: 5.062363862991333, Q2: 8.348872661590576, Q3: 12.595181226730347